42589    46.258    46.258
42599    45.439    45.439
42609    44.617    44.617
42619    43.793    43.793
42629    42.965    42.965
42639    42.133    42.133
42649    41.298    41.298
42659    40.459    40.459
42669    39.615    39.615
42679    38.766    38.766
42689    37.913    37.913
42699    37.054    37.054
42709    36.189    36.189
42719    35.311    35.311
42729    34.429    34.429
42739    33.542    33.542
42749    32.652    32.652
42759    31.760    31.760
42769    30.866    30.866
42779    29.971    29.971
42789    29.076    29.076
42799    28.183    28.183
42809    27.294    27.294
42819    26.408    26.408
42829    25.528    25.528
42839    24.659    24.659
42849    23.797    23.797
42859    22.942    22.942
42869    22.095    22.095
42879    21.258    21.258
42889    20.429    20.429
42899    19.618    19.618
42909    18.820    18.820
42919    18.029    18.029
42929    17.245    17.245
42939    16.467    16.467
42949    15.693    15.693
42959    14.923    14.923
42969    14.156    14.156
42979    13.390    13.390
42989    12.623    12.623
42999    11.854    11.854
43009    11.082    11.082
43019    10.305    10.305
43029     9.515     9.515
43039     8.718     8.718
43049     7.915     7.915
43059     7.107     7.107
43069     6.292     6.292
43079     5.472     5.472
43089     4.636     4.636
43099     3.796     3.796
43109     2.952     2.952
43119     2.107     2.107
43129     1.263     1.263
43139     0.420     0.420
43149    -0.420     0.012
43159    -1.255     0.041
43169    -2.084     0.076
43179    -2.905     0.119
43189    -3.716     0.172
43199    -4.517     0.235
43209    -5.296     0.320
43219    -6.062     0.418
43229    -6.817     0.527
43239    -7.560     0.648
43249    -8.292     0.780
43259    -9.013     0.923
43269    -9.718     1.065
43279   -10.414     1.216
43289   -11.101     1.375
43299   -11.781     1.542
43309   -12.455     1.715
43319   -13.124     1.892
43329   -13.790     2.056
43339   -14.453     2.222
43349   -15.115     2.390
43359   -15.777     2.557
43369   -16.439     2.724
43379   -17.104     2.889
43389   -17.776     3.029
43399   -18.452     3.166
43409   -19.131     3.298
43419   -19.815     3.427
43429   -20.503     3.551
43439   -21.195     3.671
43449   -21.896     3.765
43459   -22.601     3.855
43469   -23.311     3.940
43479   -24.025     4.020
43489   -24.745     4.096
43499   -25.468     4.167
43509   -26.200     4.231
43519   -26.934     4.291
43529   -27.672     4.348
43539   -28.412     4.403
43549   -29.153     4.457
43559   -29.895     4.510
43569   -30.638     4.561
43579   -31.380     4.614
43589   -32.120     4.669
43599   -32.857     4.727
43609   -33.589     4.790
43619   -34.316     4.858
43629   -35.031     4.937
43639   -35.739     5.025
43649   -36.439     5.120
43659   -37.132     5.221
43669   -37.818     5.330
43679   -38.497     5.446
43689   -39.167     5.571
43699   -39.825     5.708
43709   -40.476     5.852
43719   -41.123     6.000
43729   -41.765     6.152
43739   -42.404     6.308
43749   -43.041     6.466
43759   -43.676     6.626
43769   -44.310     6.787
43779   -44.946     6.946
43789   -45.584     7.103
43799   -46.226     7.256
43809   -46.873     7.404
43819   -47.533     7.521
43829   -48.199     7.633
43839   -48.871     7.738
43849   -49.550     7.837
43859   -50.235     7.929
43869   -50.927     8.016
43879   -51.629     8.091
43889   -52.337     8.160
43899   -53.051     8.224
43909   -53.768     8.285
43919   -54.489     8.341
43929   -55.212     8.396
43939   -55.939     8.446
43949   -56.666     8.496
43959   -57.394     8.547
43969   -58.120     8.598
43979   -58.844     8.651
43989   -59.565     8.708
43999   -60.279     8.772
44009   -60.988     8.841
44019   -61.692     8.914
44029   -62.390     8.994
44039   -63.081     9.080
44049   -63.766     9.172
44059   -64.438     9.262
44069   -65.102     9.357
44079   -65.760     9.459
44089   -66.413     9.567
44099   -67.062     9.679
44109   -67.705     9.795
44119   -68.342     9.902
44129   -68.975    10.011
44139   -69.608    10.122
44149   -70.242    10.231
44159   -70.877    10.339
44169   -71.515    10.444
44179   -72.159    10.526
44189   -72.809    10.602
44199   -73.465    10.671
44209   -74.129    10.733
44219   -74.801    10.787
44229   -75.483    10.831
44239   -76.185    10.854
44249   -76.898    10.867
44259   -77.620    10.871
44269   -78.351    10.865
44279   -79.091    10.851
44289   -79.840    10.828
44299   -80.601    10.793
44309   -81.371    10.749
44319   -82.145    10.700
44329   -82.922    10.649
44339   -83.701    10.596
44349   -84.479    10.544
44359   -85.253    10.496
44369   -86.019    10.455
44379   -86.781    10.419
44389   -87.538    10.388
44399   -88.288    10.364
44409   -89.031    10.346
44419   -89.766    10.337
44429   -90.483    10.346
44439   -91.192    10.363
44449   -91.893    10.388
44459   -92.587    10.419
44469   -93.274    10.457
44479   -93.956    10.501
44489   -94.627    10.556
44499   -95.295    10.614
44509   -95.960    10.675
44519   -96.625    10.736
44529   -97.290    10.796
44539   -97.958    10.854
44549   -98.635    10.903
44559   -99.316    10.947
44569  -100.003    10.986
44579  -100.696    11.019
44589  -101.396    11.045
44599  -102.104    11.063
44609  -102.829    11.064
44619  -103.561    11.057
44629  -104.300    11.044
44639  -105.045    11.025
44649  -105.795    11.001
44659  -106.548    10.973
44669  -107.309    10.938
44679  -108.071    10.901
44689  -108.834    10.865
44699  -109.595    10.830
44709  -110.353    10.797
44719  -111.106    10.770
44729  -111.847    10.754
44739  -112.582    10.745
44749  -113.309    10.744
44759  -114.029    10.750
44769  -114.741    10.764
44779  -115.444    10.787
44789  -116.128    10.828
44799  -116.804    10.878
44809  -117.473    10.935
44819  -118.136    10.997
44829  -118.795    11.064
44839  -119.450    11.135
44849  -120.102    11.209
44859  -120.753    11.284
44869  -121.404    11.358
44879  -122.057    11.431
44889  -122.713    11.501
44899  -123.373    11.566
44909  -124.046    11.620
44919  -124.726    11.665
44929  -125.413    11.704
44939  -126.106    11.736
44949  -126.805    11.763
44959  -127.510    11.784
44969  -128.226    11.794
44979  -128.950    11.795
44989  -129.679    11.792
44999  -130.411    11.786
45009  -131.145    11.778
45019  -131.879    11.769
45029  -132.612    11.762
45039  -133.343    11.757
45049  -134.071    11.755
45059  -134.795    11.757
45069  -135.514    11.764
45079  -136.226    11.777
45089  -136.929    11.800
45099  -137.617    11.820
45109  -138.298    11.848
45119  -138.971    11.884
45129  -139.637    11.926
45139  -140.297    11.974
45149  -140.951    12.029
45159  -141.596    12.075
45169  -142.236    12.127
45179  -142.872    12.181
45189  -143.507    12.238
45199  -144.140    12.296
45209  -144.773    12.354
45219  -145.409    12.392
45229  -146.046    12.429
45239  -146.685    12.464
45249  -147.328    12.495
45259  -147.974    12.522
45269  -148.626    12.544
45279  -149.290    12.555
45289  -149.959    12.560
45299  -150.633    12.559
45309  -151.312    12.554
45319  -151.995    12.545
45329  -152.683    12.531
45339  -153.377    12.511
45349  -154.075    12.487
45359  -154.775    12.461
45369  -155.476    12.434
45379  -156.178    12.406
45389  -156.880    12.377
45399  -157.581    12.351
45409  -158.279    12.326
45419  -158.976    12.303
45429  -159.670    12.283
45439  -160.361    12.267
45449  -161.047    12.254
45459  -161.725    12.250
45469  -162.398    12.251
45479  -163.067    12.256
45489  -163.730    12.267
45499  -164.389    12.281
45509  -165.044    12.301
45519  -165.689    12.329
45529  -166.331    12.362
45539  -166.969    12.398
45549  -167.605    12.436
45559  -168.238    12.476
45569  -168.871    12.517
45579  -169.505    12.557
45589  -170.138    12.598
45599  -170.772    12.637
45609  -171.408    12.676
45619  -172.045    12.712
45629  -172.685    12.747
45639  -173.330    12.775
45649  -173.980    12.800
45659  -174.632    12.821
45669  -175.288    12.839
45679  -175.947    12.855
45689  -176.609    12.867
45699  -177.274    12.875
45709  -177.946    12.877
45719  -178.619    12.878
45729  -179.295    12.876
45739  -179.972    12.873
45749  -180.650    12.868
45759  -181.329    12.864
45769  -182.007    12.877
45779  -182.685    12.890
45789  -183.362    12.904
45799  -184.038    12.919
45809  -184.712    12.936
45819  -185.385    12.955
45829  -186.053    12.978
45839  -186.718    13.004
45849  -187.382    13.032
45859  -188.043    13.062
45869  -188.702    13.094
45879  -189.359    13.128
45889  -190.012    13.166
45899  -190.664    13.205
45909  -191.315    13.246
45919  -191.964    13.288
45929  -192.612    13.331
45939  -193.260    13.374
45949  -193.907    13.418
45959  -194.555    13.462
45969  -195.203    13.505
45979  -195.851    13.548
45989  -196.501    13.590
45999  -197.151    13.630
46009  -197.806    13.667
46019  -198.462    13.702
46029  -199.120    13.735
46039  -199.779    13.767
46049  -200.441    13.797
46059  -201.104    13.825
46069  -201.771    13.849
46079  -202.439    13.872
46089  -203.109    13.894
46099  -203.779    13.914
46109  -204.451    13.934
46119  -205.123    13.953
46129  -205.795    13.972
46139  -206.467    13.991
46149  -207.139    14.010
46159  -207.811    14.030
46169  -208.482    14.050
46179  -209.153    14.070
46189  -209.821    14.093
46199  -210.489    14.117
46209  -211.155    14.141
46219  -211.821    14.167
46229  -212.486    14.193
46239  -213.151    14.220
46249  -213.813    14.249
46259  -214.475    14.278
46269  -215.136    14.308
46279  -215.798    14.337
46289  -216.460    14.367
46299  -217.122    14.395
46309  -217.786    14.423
46319  -218.451    14.449
46329  -219.117    14.474
46339  -219.784    14.498
46349  -220.453    14.520
46359  -221.124    14.540
46369  -221.798    14.558
46379  -222.476    14.571
46389  -223.155    14.583
46399  -223.836    14.593
46409  -224.520    14.601
46419  -225.205    14.607
46429  -225.892    14.611
46439  -226.581    14.613
46449  -227.272    14.613
46459  -227.964    14.612
46469  -228.657    14.611
46479  -229.350    14.609
46489  -230.043    14.607
46499  -230.736    14.605
46509  -231.429    14.604
46519  -232.120    14.603
46529  -232.811    14.604
46539  -233.500    14.606
46549  -234.188    14.610
46559  -234.872    14.617
46569  -235.554    14.626
46579  -236.234    14.637
46589  -236.912    14.651
46599  -237.587    14.666
46609  -238.261    14.684
46619  -238.930    14.705
46629  -239.598    14.729
46639  -240.264    14.755
46649  -240.928    14.781
46659  -241.592    14.809
46669  -242.254    14.837
46679  -242.916    14.867
46689  -243.578    14.896
46699  -244.240    14.925
46709  -244.903    14.954
46719  -245.566    14.982
46729  -246.231    15.008
46739  -246.900    15.031
46749  -247.570    15.052
46759  -248.242    15.071
46769  -248.915    15.089
46779  -249.591    15.104
46789  -250.268    15.119
46799  -250.949    15.129
46809  -251.631    15.138
46819  -252.314    15.145
46829  -252.999    15.153
46839  -253.683    15.159
46849  -254.368    15.166
46859  -255.052    15.173
46869  -255.736    15.180
46879  -256.419    15.188
46889  -257.100    15.198
46899  -257.781    15.209
46909  -258.459    15.221
46919  -259.133    15.239
46929  -259.806    15.259
46939  -260.476    15.281
46949  -261.145    15.305
46959  -261.812    15.331
46969  -262.477    15.358
46979  -263.139    15.388
46989  -263.799    15.419
46999  -264.459    15.452
47009  -265.118    15.486
47019  -265.776    15.520
47029  -266.433    15.555
47039  -267.091    15.589
47049  -267.749    15.623
47059  -268.407    15.657
47069  -269.066    15.691
47079  -269.725    15.724
47089  -270.385    15.756
47099  -271.047    15.787
47109  -271.710    15.816
47119  -272.375    15.843
47129  -273.041    15.870
47139  -273.707    15.896
47149  -274.374    15.921
47159  -275.042    15.945
47169  -275.712    15.967
47179  -276.381    15.989
47189  -277.052    16.010
47199  -277.722    16.030
47209  -278.393    16.051
47219  -279.063    16.072
47229  -279.733    16.093
47239  -280.403    16.114
47249  -281.072    16.137
47259  -281.740    16.160
47269  -282.407    16.183
47279  -283.074    16.209
47289  -283.737    16.236
47299  -284.400    16.264
47309  -285.061    16.294
47319  -285.721    16.326
47329  -286.379    16.359
47339  -287.036    16.394
47349  -287.689    16.431
47359  -288.341    16.470
47369  -288.992    16.510
47379  -289.642    16.552
47389  -290.291    16.594
47399  -290.940    16.636
47409  -291.588    16.680
47419  -292.235    16.723
47429  -292.883    16.767
47439  -293.531    16.810
47449  -294.180    16.853
47459  -294.829    16.894
47469  -295.481    16.934
47479  -296.134    16.972
47489  -296.788    17.009
47499  -297.443    17.045
47509  -298.100    17.080
47519  -298.757    17.114
47529  -299.418    17.144
47539  -300.080    17.174
47549  -300.742    17.203
47559  -301.404    17.231
47569  -302.067    17.260
47579  -302.729    17.289
47589  -303.390    17.319
47599  -304.050    17.350
47609  -304.709    17.382
47619  -305.367    17.416
47629  -306.023    17.451
47639  -306.677    17.488
47649  -307.328    17.529
47659  -307.976    17.572
47669  -308.622    17.617
47679  -309.267    17.663
47689  -309.909    17.712
47699  -310.551    17.762
47709  -311.189    17.810
47719  -311.826    17.860
47729  -312.463    17.910
47739  -313.098    17.962
47749  -313.733    18.014
47759  -314.368    18.065
47769  -315.004    18.117
47779  -315.641    18.166
47789  -316.279    18.215
47799  -316.918    18.263
47809  -317.557    18.311
47819  -318.197    18.358
47829  -318.837    18.405
47839  -319.480    18.449
47849  -320.123    18.493
47859  -320.767    18.536
47869  -321.411    18.579
47879  -322.055    18.622
47889  -322.699    18.664
47899  -323.342    18.703
47909  -323.986    18.743
47919  -324.629    18.782
47929  -325.271    18.822
47939  -325.913    18.863
47949  -326.555    18.904
47959  -327.194    18.943
47969  -327.833    18.982
47979  -328.472    19.021
47989  -329.110    19.062
47999  -329.748    19.102
48009  -330.385    19.143
48019  -331.022    19.179
48029  -331.660    19.216
48039  -332.297    19.253
48049  -332.933    19.290
48059  -333.570    19.327
48069  -334.207    19.364
48079  -334.845    19.396
48089  -335.482    19.428
48099  -336.120    19.461
48109  -336.757    19.493
48119  -337.394    19.525
48129  -338.031    19.558
48139  -338.668    19.586
48149  -339.304    19.615
48159  -339.940    19.645
48169  -340.576    19.674
48179  -341.211    19.705
48189  -341.845    19.736
48199  -342.478    19.768
48209  -343.111    19.801
48219  -343.742    19.834
48229  -344.373    19.869
48239  -345.003    19.904
48249  -345.632    19.940
48259  -346.260    19.978
48269  -346.887    20.016
48279  -347.513    20.056
48289  -348.138    20.096
48299  -348.762    20.137
48309  -349.385    20.179
48319  -350.008    20.215
48329  -350.630    20.252
48339  -351.251    20.289
48349  -351.872    20.327
48359  -352.492    20.366
48369  -353.112    20.405
48379  -353.730    20.439
48389  -354.348    20.473
48399  -354.966    20.508
48409  -355.583    20.544
48419  -356.199    20.579
48429  -356.815    20.615
48439  -357.431    20.652
48449  -358.047    20.689
48459  -358.662    20.726
48469  -359.278    20.762
48479  -359.893    20.799
48489  -360.509    20.836
48499  -361.125    20.873
48509  -361.741    20.904
48519  -362.357    20.936
48529  -362.974    20.967
48539  -363.592    20.997
48549  -364.210    21.027
48559  -364.829    21.056
48569  -365.449    21.080
48579  -366.070    21.102
48589  -366.692    21.124
48599  -367.314    21.146
48609  -367.937    21.166
48619  -368.561    21.186
48629  -369.186    21.205
48639  -369.811    21.224
48649  -370.436    21.242
48659  -371.062    21.260
48669  -371.687    21.279
48679  -372.312    21.298
48689  -372.935    21.318
48699  -373.558    21.339
48709  -374.180    21.360
48719  -374.801    21.383
48729  -375.421    21.407
48739  -376.040    21.432
48749  -376.656    21.455
48759  -377.271    21.479
48769  -377.886    21.504
48779  -378.499    21.530
48789  -379.112    21.556
48799  -379.723    21.584
48809  -380.334    21.608
48819  -380.944    21.633
48829  -381.554    21.658
48839  -382.164    21.684
48849  -382.774    21.709
48859  -383.384    21.733
48869  -383.996    21.757
48879  -384.608    21.780
48889  -385.221    21.802
48899  -385.834    21.823
48909  -386.449    21.844
48919  -387.064    21.864
48929  -387.680    21.883
48939  -388.298    21.900
48949  -388.916    21.917
48959  -389.535    21.933
48969  -390.154    21.949
48979  -390.774    21.964
48989  -391.395    21.978
48999  -392.015    21.993
49009  -392.635    22.008
49019  -393.255    22.023
49029  -393.876    22.037
49039  -394.496    22.052
49049  -395.117    22.066
49059  -395.738    22.081
49069  -396.359    22.095
49079  -396.980    22.109
49089  -397.601    22.124
49099  -398.222    22.139
49109  -398.843    22.155
49119  -399.464    22.173
49129  -400.086    22.191
49139  -400.707    22.209
49149  -401.329    22.227
49159  -401.950    22.245
49169  -402.572    22.262
49179  -403.194    22.280
49189  -403.816    22.297
49199  -404.437    22.315
49209  -405.059    22.332
49219  -405.682    22.349
49229  -406.304    22.367
49239  -406.926    22.384
49249  -407.549    22.401
49259  -408.171    22.417
49269  -408.794    22.434
49279  -409.416    22.451
49289  -410.039    22.467
49299  -410.662    22.484
49309  -411.285    22.500
49319  -411.908    22.517
49329  -412.531    22.533
49339  -413.154    22.549
49349  -413.777    22.565
49359  -414.401    22.581
49369  -415.024    22.598
49379  -415.647    22.614
49389  -416.270    22.630
49399  -416.893    22.646
49409  -417.516    22.663
49419  -418.139    22.680
49429  -418.761    22.696
49439  -419.384    22.713
49449  -420.006    22.730
49459  -420.628    22.747
49469  -421.250    22.765
49479  -421.872    22.782
49489  -422.494    22.800
49499  -423.116    22.818
49509  -423.737    22.836
49519  -424.358    22.854
49529  -424.979    22.872
49539  -425.600    22.890
49549  -426.221    22.909
49559  -426.842    22.927
49569  -427.462    22.946
49579  -428.083    22.965
49589  -428.704    22.984
49599  -429.324    23.003
49609  -429.944    23.022
49619  -430.565    23.041
49629  -431.185    23.060
49639  -431.805    23.079
49649  -432.425    23.098
49659  -433.046    23.117
49669  -433.666    23.137
49679  -434.285    23.156
49689  -434.905    23.176
49699  -435.525    23.195
49709  -436.144    23.215
49719  -436.764    23.235
49729  -437.383    23.255
49739  -438.002    23.276
49749  -438.621    23.296
49759  -439.240    23.317
49769  -439.858    23.337
49779  -440.477    23.358
49789  -441.095    23.378
49799  -441.713    23.398
49809  -442.331    23.419
49819  -442.948    23.440
49829  -443.566    23.460
49839  -444.184    23.481
49849  -444.801    23.501
49859  -445.418    23.521
49869  -446.035    23.542
49879  -446.653    23.562
49889  -447.270    23.582
49899  -447.887    23.602
49909  -448.504    23.622
49919  -449.121    23.642
49929  -449.738    23.662
49939  -450.355    23.681
49949  -450.972    23.701
49959  -451.589    23.721
49969  -452.207    23.739
49979  -452.824    23.758
49989  -453.441    23.777
49999  -454.058    23.796
50009  -454.675    23.814
50019  -455.292    23.833
50029  -455.909    23.851
50039  -456.526    23.869
50049  -457.143    23.888
50059  -457.759    23.906
50069  -458.376    23.925
50079  -458.992    23.943
50089  -459.608    23.961
50099  -460.224    23.980
50109  -460.840    23.998
50119  -461.455    24.017
50129  -462.071    24.036
50139  -462.686    24.055
50149  -463.300    24.074
50159  -463.915    24.093
50169  -464.529    24.112
50179  -465.142    24.132
50189  -465.756    24.151
50199  -466.369    24.172
50209  -466.982    24.191
50219  -467.594    24.211
50229  -468.206    24.231
50239  -468.818    24.252
50249  -469.430    24.273
50259  -470.041    24.294
50269  -470.652    24.315
50279  -471.263    24.336
50289  -471.873    24.357
50299  -472.484    24.378
50309  -473.093    24.400
50319  -473.703    24.422
50329  -474.313    24.444
50339  -474.922    24.465
50349  -475.531    24.486
50359  -476.140    24.507
50369  -476.748    24.529
50379  -477.357    24.551
50389  -477.965    24.572
50399  -478.573    24.593
50409  -479.181    24.614
50419  -479.789    24.635
50429  -480.396    24.657
50439  -481.004    24.678
50449  -481.611    24.699
50459  -482.218    24.720
50469  -482.826    24.740
50479  -483.433    24.761
50489  -484.039    24.782
50499  -484.646    24.803
50509  -485.253    24.823
50519  -485.860    24.843
50529  -486.466    24.863
50539  -487.073    24.882
50549  -487.679    24.902
50559  -488.286    24.922
50569  -488.892    24.941
50579  -489.499    24.959
50589  -490.106    24.977
50599  -490.712    24.995
50609  -491.319    25.013
50619  -491.926    25.031
50629  -492.533    25.048
50639  -493.140    25.064
50649  -493.748    25.080
50659  -494.355    25.095
50669  -494.963    25.110
50679  -495.571    25.125
50689  -496.179    25.140
50699  -496.788    25.153
50709  -497.396    25.165
50719  -498.005    25.177
50729  -498.615    25.189
50739  -499.224    25.201
50749  -499.834    25.213
50759  -500.444    25.222
50769  -501.054    25.231
50779  -501.665    25.240
50789  -502.276    25.249
50799  -502.887    25.257
50809  -503.498    25.265
50819  -504.110    25.272
50829  -504.722    25.279
50839  -505.334    25.286
50849  -505.946    25.292
50859  -506.559    25.297
50869  -507.171    25.302
50879  -507.784    25.306
50889  -508.397    25.309
50899  -509.011    25.313
50909  -509.624    25.316
50919  -510.238    25.318
50929  -510.852    25.320
50939  -511.466    25.322
50949  -512.080    25.324
50959  -512.695    25.325
50969  -513.309    25.327
50979  -513.924    25.328
50989  -514.539    25.329
50999  -515.154    25.330
51009  -515.769    25.331
51019  -516.384    25.332
51029  -516.999    25.333
51039  -517.615    25.333
51049  -518.230    25.334
51059  -518.846    25.335
51069  -519.461    25.335
51079  -520.076    25.336
51089  -520.692    25.337
51099  -521.307    25.337
51109  -521.922    25.338
51119  -522.537    25.339
51129  -523.153    25.340
51139  -523.768    25.341
51149  -524.383    25.342
51159  -524.998    25.343
51169  -525.613    25.344
51179  -526.227    25.345
51189  -526.842    25.347
51199  -527.456    25.348
51209  -528.071    25.350
51219  -528.685    25.352
51229  -529.299    25.354
51239  -529.913    25.356
51249  -530.527    25.359
51259  -531.141    25.362
51269  -531.755    25.365
51279  -532.368    25.368
51289  -532.982    25.372
51299  -533.595    25.375
51309  -534.209    25.379
51319  -534.822    25.382
51329  -535.435    25.386
51339  -536.048    25.390
51349  -536.661    25.394
51359  -537.274    25.398
51369  -537.887    25.402
51379  -538.499    25.406
51389  -539.112    25.411
51399  -539.725    25.415
51409  -540.337    25.419
51419  -540.950    25.424
51429  -541.562    25.428
51439  -542.175    25.432
51449  -542.787    25.437
51459  -543.400    25.441
51469  -544.012    25.446
51479  -544.624    25.450
51489  -545.237    25.455
51499  -545.849    25.459
51509  -546.462    25.464
51519  -547.074    25.468
51529  -547.687    25.473
51539  -548.299    25.477
51549  -548.911    25.481
51559  -549.523    25.485
51569  -550.135    25.489
51579  -550.747    25.493
51589  -551.359    25.497
51599  -551.971    25.502
51609  -552.582    25.506
51619  -553.193    25.511
51629  -553.805    25.516
51639  -554.416    25.521
51649  -555.027    25.526
51659  -555.637    25.531
51669  -556.248    25.537
51679  -556.858    25.543
51689  -557.468    25.549
51699  -558.078    25.554
51709  -558.688    25.560
51719  -559.297    25.565
51729  -559.907    25.571
51739  -560.516    25.576
51749  -561.126    25.582
51759  -561.735    25.588
51769  -562.344    25.595
51779  -562.953    25.601
51789  -563.562    25.607
51799  -564.170    25.614
51809  -564.779    25.620
51819  -565.388    25.626
51829  -565.996    25.632
51839  -566.605    25.638
51849  -567.213    25.644
51859  -567.821    25.650
51869  -568.430    25.655
51879  -569.038    25.661
51889  -569.646    25.666
51899  -570.255    25.671
51909  -570.863    25.677
51919  -571.471    25.682
51929  -572.079    25.688
51939  -572.687    25.693
51949  -573.294    25.698
51959  -573.902    25.703
51969  -574.509    25.708
51979  -575.117    25.713
51989  -575.724    25.719
51999  -576.331    25.725
52009  -576.937    25.731
52019  -577.544    25.737
52029  -578.150    25.743
52039  -578.756    25.749
52049  -579.361    25.755
52059  -579.967    25.761
52069  -580.572    25.768
52079  -581.177    25.775
52089  -581.781    25.782
52099  -582.386    25.789
52109  -582.990    25.797
52119  -583.594    25.805
52129  -584.197    25.812
52139  -584.801    25.819
52149  -585.404    25.827
52159  -586.007    25.835
52169  -586.610    25.843
52179  -587.212    25.851
52189  -587.814    25.859
52199  -588.416    25.867
52209  -589.018    25.875
52219  -589.620    25.883
52229  -590.221    25.892
52239  -590.823    25.901
52249  -591.424    25.909
52259  -592.025    25.917
52269  -592.625    25.925
52279  -593.226    25.934
52289  -593.826    25.943
52299  -594.426    25.952
52309  -595.026    25.961
52319  -595.626    25.969
52329  -596.226    25.978
52339  -596.825    25.986
52349  -597.424    25.995
52359  -598.024    26.005
52369  -598.623    26.013
52379  -599.221    26.022
52389  -599.820    26.030
52399  -600.419    26.039
52409  -601.017    26.048
52419  -601.616    26.057
52429  -602.214    26.066
52439  -602.812    26.074
52449  -603.410    26.083
52459  -604.008    26.091
52469  -604.606    26.100
52479  -605.204    26.109
52489  -605.801    26.117
52499  -606.399    26.125
52509  -606.996    26.134
52519  -607.593    26.142
52529  -608.191    26.151
52539  -608.788    26.159
52549  -609.384    26.168
52559  -609.981    26.176
52569  -610.578    26.184
52579  -611.174    26.192
52589  -611.770    26.201
52599  -612.366    26.210
52609  -612.962    26.218
52619  -613.558    26.226
52629  -614.154    26.234
52639  -614.750    26.243
52649  -615.345    26.251
52659  -615.941    26.260
52669  -616.536    26.268
52679  -617.131    26.276
52689  -617.727    26.284
52699  -618.322    26.291
52709  -618.917    26.299
52719  -619.512    26.307
52729  -620.1076   26.3149
52739  -620.7028   26.3220
52749  -621.2979   26.3291
52759  -621.8929   26.3362
52769  -622.4879   26.3435
52779  -623.0828   26.3508
52789  -623.6776   26.3582
52799  -624.2723   26.3648
52809  -624.8668   26.3717
52819  -625.4612   26.3786
52829  -626.0553   26.3858
52839  -626.6493   26.3932
52849  -627.2431   26.4008
52859  -627.8366   26.4086
52869  -628.4299   26.4166
52879  -629.0230   26.4249
52889  -629.6159   26.4333
52899  -630.2086   26.4420
52909  -630.8012   26.4508
52919  -631.3935   26.4589
52929  -631.9858   26.4671
52939  -632.5780   26.4754
52949  -633.1701   26.4838
52959  -633.7621   26.4922
52969  -634.3542   26.5006
52979  -634.9462   26.5082
52989  -635.5383   26.5157
52999  -636.1305   26.5231
53009  -636.7228   26.5305
53019  -637.3152   26.5377
53029  -637.9077   26.5448
53039  -638.5003   26.5513
53049  -639.0931   26.5573
53059  -639.6860   26.5632
53069  -640.2790   26.5689
53079  -640.8722   26.5745
53089  -641.4654   26.5801
53099  -642.0586   26.5851
53109  -642.6520   26.5897
53119  -643.2453   26.5942
53129  -643.8387   26.5987
53139  -644.4321   26.6032
53149  -645.0255   26.6077
53159  -645.6188   26.6118
53169  -646.2122   26.6155
53179  -646.8055   26.6192
53189  -647.3988   26.6227
53199  -647.9920   26.6259
53209  -648.5853   26.6292
53219  -649.1785   26.6323
53229  -649.7716   26.6352
53239  -650.3648   26.6381
53249  -650.9579   26.6411
53259  -651.5510   26.6441
53269  -652.1440   26.6471
53279  -652.7370   26.6502
53289  -653.3299   26.6534
53299  -653.9227   26.6567
53309  -654.5154   26.6600
53319  -655.1081   26.6634
53329  -655.7006   26.6670
53339  -656.2930   26.6706
53349  -656.8853   26.6744
53359  -657.4774   26.6783
53369  -658.0694   26.6824
53379  -658.6613   26.6863
53389  -659.2529   26.6904
53399  -659.8444   26.6946
53409  -660.4357   26.6990
53419  -661.0269   26.7036
53429  -661.6179   26.7084
53439  -662.2087   26.7130
53449  -662.7993   26.7177
53459  -663.3898   26.7226
53469  -663.9801   26.7274
53479  -664.5702   26.7324
53489  -665.1603   26.7375
53499  -665.7501   26.7426
53509  -666.3399   26.7478
53519  -666.9295   26.7531
53529  -667.5191   26.7583
53539  -668.1085   26.7636
53549  -668.6979   26.7691
53559  -669.2872   26.7740
53569  -669.8764   26.7791
53579  -670.4656   26.7842
53589  -671.0547   26.7891
53599  -671.6438   26.7941
53609  -672.2328   26.7991
53619  -672.8219   26.8036
53629  -673.4109   26.8082
53639  -674.0000   26.8127
53649  -674.5890   26.8171
53659  -675.1780   26.8215
53669  -675.7670   26.8259
53679  -676.3560   26.8300
53689  -676.9449   26.8339
53699  -677.5339   26.8379
53709  -678.1228   26.8415
53719  -678.7117   26.8450
53729  -679.3006   26.8485
53739  -679.8895   26.8517
53749  -680.4783   26.8548
53759  -681.0670   26.8579
53769  -681.6557   26.8608
53779  -682.2443   26.8635
53789  -682.8328   26.8663
53799  -683.4212   26.8690
53809  -684.0095   26.8715
53819  -684.5977   26.8741
53829  -685.1857   26.8766
53839  -685.7737   26.8789
53849  -686.3615   26.8814
53859  -686.9492   26.8837
53869  -687.5367   26.8859
53879  -688.1242   26.8883
53889  -688.7115   26.8906
53899  -689.2987   26.8928
53909  -689.8859   26.8952
53919  -690.4729   26.8976
53929  -691.0599   26.9002
53939  -691.6469   26.9027
53949  -692.2338   26.9052
53959  -692.8207   26.9075
53969  -693.4076   26.9099
53979  -693.9945   26.9122
53989  -694.5814   26.9146
53999  -695.1683   26.9169
54009  -695.7553   26.9190
54019  -696.3423   26.9210
54029  -696.9293   26.9230
54039  -697.5164   26.9249
54049  -698.1035   26.9268
54059  -698.6906   26.9287
54069  -699.2777   26.9306
54079  -699.8648   26.9320
54089  -700.4519   26.9335
54099  -701.0389   26.9350
54109  -701.6259   26.9361
54119  -702.2128   26.9372
54129  -702.7996   26.9385
54139  -703.3863   26.9395
54149  -703.9728   26.9406
54159  -704.5593   26.9418
54169  -705.1456   26.9432
54179  -705.7318   26.9448
54189  -706.3178   26.9465
54199  -706.9036   26.9483
54209  -707.4893   26.9503
54219  -708.0748   26.9525
54229  -708.6602   26.9548
54239  -709.2455   26.9572
54249  -709.8306   26.9598
54259  -710.4155   26.9623
54269  -711.0003   26.9649
54279  -711.5850   26.9677
54289  -712.1695   26.9703
54299  -712.7539   26.9731
54309  -713.3382   26.9760
54319  -713.9223   26.9788
54329  -714.5063   26.9817
54339  -715.0902   26.9847
54349  -715.6740   26.9876
54359  -716.2577   26.9906
54369  -716.8412   26.9937
54379  -717.4247   26.9966
54389  -718.0080   26.9997
54399  -718.5913   27.0028
54409  -719.1744   27.0059
54419  -719.7575   27.0090
54429  -720.3405   27.0121
54439  -720.9234   27.0152
54449  -721.5061   27.0181
54459  -722.0888   27.0211
54469  -722.6714   27.0241
54479  -723.2539   27.0271
54489  -723.8362   27.0302
54499  -724.4185   27.0332
54509  -725.0006   27.0362
54519  -725.5827   27.0393
54529  -726.1646   27.0423
54539  -726.7463   27.0454
54549  -727.3280   27.0486
54559  -727.9095   27.0518
54569  -728.4909   27.0549
54579  -729.0722   27.0582
54589  -729.6534   27.0615
54599  -730.2345   27.0648
54609  -730.8154   27.0681
54619  -731.3962   27.0714
54629  -731.9770   27.0746
54639  -732.5576   27.0778
54649  -733.1381   27.0810
54659  -733.7185   27.0840
54669  -734.2988   27.0872
54679  -734.8790   27.0903
54689  -735.4591   27.0935
54699  -736.0390   27.0968
54709  -736.6188   27.1002
54719  -737.1985   27.1034
54729  -737.7780   27.1069
54739  -738.3573   27.1105
54749  -738.9365   27.1138
54759  -739.5154   27.1174
54769  -740.0942   27.1211
54779  -740.6728   27.1247
54789  -741.2512   27.1286
54799  -741.8294   27.1326
54809  -742.4075   27.1366
54819  -742.9853   27.1408
54829  -743.5629   27.1452
54839  -744.1403   27.1493
54849  -744.7175   27.1536
54859  -745.2946   27.1581
54869  -745.8715   27.1624
54879  -746.4482   27.1668
54889  -747.0247   27.1714
54899  -747.6011   27.1757
54909  -748.1772   27.1802
54919  -748.7533   27.1849
54929  -749.3291   27.1893
54939  -749.9048   27.1938
54949  -750.4804   27.1986
54959  -751.0558   27.2030
54969  -751.6310   27.2076
54979  -752.2061   27.2124
54989  -752.7810   27.2168
54999  -753.3558   27.2214
55009  -753.9305   27.2262
55019  -754.5050   27.2306
55029  -755.0795   27.2351
55039  -755.6538   27.2397
55049  -756.2281   27.2440
55059  -756.8023   27.2483
55069  -757.3765   27.2527
55079  -757.9506   27.2569
55089  -758.5246   27.2609
55099  -759.0987   27.2650
55109  -759.6726   27.2689
55119  -760.2465   27.2727
55129  -760.8203   27.2766
55139  -761.3941   27.2803
55149  -761.9677   27.2838
55159  -762.5413   27.2875
55169  -763.1147   27.2912
55179  -763.6879   27.2947
55189  -764.2610   27.2984
55199  -764.8340   27.3021
55209  -765.4067   27.3057
55219  -765.9792   27.3096
55229  -766.5516   27.3134
55239  -767.1237   27.3172
55249  -767.6955   27.3213
55259  -768.2672   27.3254
55269  -768.8386   27.3295
55279  -769.4097   27.3339
55289  -769.9806   27.3383
55299  -770.5513   27.3427
55309  -771.1217   27.3474
55319  -771.6918   27.3521
55329  -772.2618   27.3568
55339  -772.8314   27.3618
55349  -773.4009   27.3667
55359  -773.9701   27.3716
55369  -774.5390   27.3768
55379  -775.1078   27.3819
55389  -775.6763   27.3870
55399  -776.2446   27.3923
55409  -776.8127   27.3976
55419  -777.3806   27.4028
55429  -777.9482   27.4082
55439  -778.5157   27.4139
55449  -779.0829   27.4192
55459  -779.6499   27.4247
55469  -780.2166   27.4304
55479  -780.7832   27.4357
55489  -781.3496   27.4412
55499  -781.9157   27.4470
55509  -782.4816   27.4523
55519  -783.0474   27.4578
55529  -783.6129   27.4635
55539  -784.1783   27.4689
55549  -784.7435   27.4744
55559  -785.3085   27.4800
55569  -785.8730   27.4856
55579  -786.4374   27.4912
55589  -787.0017   27.4970
55599  -787.5659   27.5022
55609  -788.1301   27.5076
55619  -788.6941   27.5130
55629  -789.2579   27.5180
55639  -789.8217   27.5231
55649  -790.3853   27.5284
55659  -790.9487   27.5332
55669  -791.5119   27.5383
55679  -792.0748   27.5436
55689  -792.6376   27.5484
55699  -793.2002   27.5535
55709  -793.7625   27.5589
55719  -794.3245   27.5639
55729  -794.8864   27.5691
55739  -795.4480   27.5745
55749  -796.0095   27.5794
55759  -796.5709   27.5845
55769  -797.1322   27.5896
55779  -797.6935   27.5943
55789  -798.2547   27.5991
55799  -798.8160   27.6038
55809  -799.3772   27.6084
55819  -799.9384   27.6128
55829  -800.4996   27.6172
55839  -801.0608   27.6213
55849  -801.6220   27.6252
55859  -802.1833   27.6291
55869  -802.7446   27.6328
55879  -803.3059   27.6361
55889  -803.8674   27.6394
55899  -804.4288   27.6424
55909  -804.9903   27.6452
55919  -805.5518   27.6481
55929  -806.1129   27.6509
55939  -806.6740   27.6537
55949  -807.2348   27.6567
55959  -807.7956   27.6596
55969  -808.3561   27.6624
55979  -808.9165   27.6654
55989  -809.4768   27.6684
55999  -810.0369   27.6713
56009  -810.5969   27.6743
56019  -811.1569   27.6770
56029  -811.7169   27.6796
56039  -812.2769   27.6821
56049  -812.8369   27.6844
56059  -813.3969   27.6866
56069  -813.9567   27.6888
56079  -814.5166   27.6909
56089  -815.0763   27.6928
56099  -815.6361   27.6948
56109  -816.1959   27.6965
56119  -816.7557   27.6978
56129  -817.3157   27.6991
56139  -817.8758   27.7003
56149  -818.4359   27.7010
56159  -818.9961   27.7016
56169  -819.5564   27.7022
56179  -820.1166   27.7023
56189  -820.6769   27.7025
56199  -821.2371   27.7026
56209  -821.7974   27.7024
56219  -822.3578   27.7022
56229  -822.9182   27.7019
56239  -823.4786   27.7017
56249  -824.0390   27.7014
56259  -824.5995   27.7010
56269  -825.1599   27.7007
56279  -825.7203   27.7004
56289  -826.2807   27.7002
56299  -826.8410   27.7000
56309  -827.4012   27.7000
56319  -827.9613   27.7000
56329  -828.5214   27.7000
56339  -829.0814   27.7002
56349  -829.6413   27.7004
56359  -830.2011   27.7007
56369  -830.7610   27.7009
56379  -831.3209   27.7012
56389  -831.8809   27.7013
56399  -832.4410   27.7013
56409  -833.0012   27.7013
56419  -833.5614   27.7012
56429  -834.1217   27.7010
56439  -834.6820   27.7009
56449  -835.2423   27.7007
56459  -835.8026   27.7005
56469  -836.3630   27.7003
56479  -836.9234   27.7000
56489  -837.4839   27.6997
56499  -838.0444   27.6993
56509  -838.6049   27.6989
56519  -839.1654   27.6986
56529  -839.7258   27.6983
56539  -840.2860   27.6981
56549  -840.8462   27.6982
56559  -841.4061   27.6983
56569  -841.9661   27.6985
56579  -842.5259   27.6988
56589  -843.0858   27.6991
56599  -843.6456   27.6994
56609  -844.2055   27.6996
56619  -844.7655   27.6997
56629  -845.3256   27.6998
56639  -845.8857   27.6998
56649  -846.4459   27.6997
56659  -847.0061   27.6996
56669  -847.5663   27.6996
56679  -848.1264   27.6996
56689  -848.6866   27.6995
56699  -849.2469   27.6994
56709  -849.8073   27.6991
56719  -850.3678   27.6988
56729  -850.9283   27.6984
56739  -851.4889   27.6979
56749  -852.0495   27.6974
56759  -852.6102   27.6969
56769  -853.1709   27.6963
56779  -853.7317   27.6957
56789  -854.2924   27.6950
56799  -854.8533   27.6943
56809  -855.4141   27.6937
56819  -855.9748   27.6930
56829  -856.5355   27.6925
56839  -857.0961   27.6920
56849  -857.6566   27.6917
56859  -858.2169   27.6915
56869  -858.7771   27.6915
56879  -859.3371   27.6915
56889  -859.8971   27.6917
56899  -860.4569   27.6920
56909  -861.0168   27.6922
56919  -861.5766   27.6925
56929  -862.1365   27.6928
56939  -862.6962   27.6932
56949  -863.2559   27.6936
56959  -863.8156   27.6941
56969  -864.3752   27.6946
56979  -864.9348   27.6951
56989  -865.4945   27.6956
56999  -866.0541   27.6961
57009  -866.6139   27.6965
57019  -867.1737   27.6968
57029  -867.7336   27.6970
57039  -868.2937   27.6971
57049  -868.8539   27.6970
57059  -869.4141   27.6969
57069  -869.9745   27.6966
57079  -870.5349   27.6964
57089  -871.0953   27.6961
57099  -871.6556   27.6959
57109  -872.2159   27.6957
57119  -872.7762   27.6956
57129  -873.3363   27.6956
57139  -873.8964   27.6957
57149  -874.4563   27.6959
57159  -875.0161   27.6962
57169  -875.5758   27.6966
57179  -876.1354   27.6972
57189  -876.6949   27.6978
57199  -877.2544   27.6984
57209  -877.8140   27.6990
57219  -878.3736   27.6995
57229  -878.9332   27.7000
57239  -879.4930   27.7004
57249  -880.0528   27.7007
57259  -880.6126   27.7010
57269  -881.1725   27.7012
57279  -881.7325   27.7014
57289  -882.2925   27.7015
57299  -882.8525   27.7017
57309  -883.4125   27.7018
57319  -883.9724   27.7020
57329  -884.5325   27.7021
57339  -885.0925   27.7021
57349  -885.6526   27.7022
57359  -886.2128   27.7021
57369  -886.7730   27.7020
57379  -887.3333   27.7019
57389  -887.8937   27.7017
57399  -888.4540   27.7014
57409  -889.0145   27.7011
57419  -889.5749   27.7008
57429  -890.1355   27.7004
57439  -890.6961   27.6999
57449  -891.2567   27.6994
57459  -891.8175   27.6988
57469  -892.3783   27.6981
57479  -892.9392   27.6973
57489  -893.5001   27.6966
57499  -894.0610   27.6958
57509  -894.6218   27.6951
57519  -895.1826   27.6944
57529  -895.7434   27.6938
57539  -896.3041   27.6932
57549  -896.8647   27.6927
57559  -897.4253   27.6923
57569  -897.9859   27.6918
57579  -898.5464   27.6914
57589  -899.1070   27.6909
57599  -899.6676   27.6904
57609  -900.2283   27.6899
57619  -900.7891   27.6893
57629  -901.3499   27.6886
57639  -901.9107   27.6879
57649  -902.4717   27.6871
57659  -903.0327   27.6862
57669  -903.5938   27.6852
57679  -904.1550   27.6841
57689  -904.7163   27.6830
57699  -905.2777   27.6817
57709  -905.8391   27.6804
57719  -906.4006   27.6791
57729  -906.9622   27.6779
57739  -907.5238   27.6767
57749  -908.0855   27.6753
57759  -908.6473   27.6742
57769  -909.2092   27.6729
57779  -909.7712   27.6716
57789  -910.3332   27.6704
57799  -910.8952   27.6693
57809  -911.4572   27.6682
57819  -912.0191   27.6674
57829  -912.5811   27.6667
57839  -913.1429   27.6660
57849  -913.7047   27.6656
57859  -914.2664   27.6653
57869  -914.8281   27.6651
57879  -915.3897   27.6652
57889  -915.9512   27.6654
57899  -916.5127   27.6656
57909  -917.0742   27.6657
57919  -917.6357   27.6659
57929  -918.1973   27.6660
57939  -918.7589   27.6661
57949  -919.3206   27.6661
57959  -919.8823   27.6660
57969  -920.4441   27.6659
57979  -921.0059   27.6658
57989  -921.5678   27.6656
57999  -922.1297   27.6654
58009  -922.6916   27.6652
58019  -923.2535   27.6649
58029  -923.8155   27.6647
58039  -924.3774   27.6645
58049  -924.9393   27.6642
58059  -925.5012   27.6641
58069  -926.0630   27.6639
58079  -926.6248   27.6638
58089  -927.1866   27.6637
58099  -927.7484   27.6636
58109  -928.3101   27.6635
58119  -928.8719   27.6634
58129  -929.4337   27.6633
58139  -929.9954   27.6633
58149  -930.5572   27.6632
58159  -931.1189   27.6631
58169  -931.6807   27.6631
58179  -932.2424   27.6630
58189  -932.8041   27.6630
58199  -933.3659   27.6629
58209  -933.9276   27.6629
58219  -934.4892   27.6630
58229  -935.0509   27.6630
58239  -935.6124   27.6632
58249  -936.1739   27.6634
58259  -936.7353   27.6636
58269  -937.2967   27.6640
58279  -937.8580   27.6643
58289  -938.4192   27.6648
58299  -938.9805   27.6652
58309  -939.5417   27.6657
58319  -940.1028   27.6662
58329  -940.6640   27.6667
58339  -941.2252   27.6672
58349  -941.7864   27.6677
58359  -942.3476   27.6682
58369  -942.9088   27.6687
58379  -943.4700   27.6692
58389  -944.0312   27.6697
58399  -944.5924   27.6701
58409  -945.1537   27.6705
58419  -945.7150   27.6710
58429  -946.2762   27.6714
58439  -946.8374   27.6719
58449  -947.3986   27.6724
58459  -947.9598   27.6729
58469  -948.5209   27.6734
58479  -949.0821   27.6740
58489  -949.6432   27.6745
58499  -950.2044   27.6750
58509  -950.7656   27.6755
58519  -951.3267   27.6761
58529  -951.8879   27.6766
58539  -952.4490   27.6771
58549  -953.0101   27.6775
58559  -953.5713   27.6779
58569  -954.1324   27.6783
58579  -954.6935   27.6787
58589  -955.2545   27.6792
58599  -955.8156   27.6797
58609  -956.3765   27.6801
58619  -956.9374   27.6805
58629  -957.4983   27.6810
58639  -958.0591   27.6815
58649  -958.6199   27.6821
58659  -959.1806   27.6826
58669  -959.7414   27.6831
58679  -960.3021   27.6836
58689  -960.8629   27.6840
58699  -961.4237   27.6844
58709  -961.9845   27.6847
58719  -962.5454   27.6850
58729  -963.1064   27.6851
58739  -963.6674   27.6850
58749  -964.2286   27.6849
58759  -964.7897   27.6847
58769  -965.3510   27.6845
58779  -965.9123   27.6841
58789  -966.4736   27.6838
58799  -967.0350   27.6834
58809  -967.5964   27.6830
58819  -968.1579   27.6825
58829  -968.7194   27.6820
58839  -969.2809   27.6815
58849  -969.8425   27.6809
58859  -970.4040   27.6804
58869  -970.9655   27.6799
58879  -971.5270   27.6794
58889  -972.0885   27.6789
58899  -972.6499   27.6785
58909  -973.2113   27.6780
58919  -973.7728   27.6776
58929  -974.3341   27.6772
58939  -974.8955   27.6768
58949  -975.4569   27.6764
58959  -976.0183   27.6761
58969  -976.5796   27.6757
58979  -977.1410   27.6753
58989  -977.7024   27.6749
58999  -978.2638   27.6745
59009  -978.8252   27.6741
59019  -979.3867   27.6736
59029  -979.9482   27.6731
59039  -980.5097   27.6726
59049  -981.0712   27.6721
59059  -981.6328   27.6715
59069  -982.1945   27.6710
59079  -982.7562   27.6704
59089  -983.3179   27.6699
59099  -983.8797   27.6694
59109  -984.4415   27.6690
59119  -985.0033   27.6685
59129  -985.5651   27.6683
59139  -986.1269   27.6680
59149  -986.6886   27.6677
59159  -987.2504   27.6676
59169  -987.8122   27.6676
59179  -988.3739   27.6675
59189  -988.9357   27.6674
59199  -989.4975   27.6673
59209  -990.0593   27.6671
59219  -990.6211   27.6670
59229  -991.1829   27.6670
59239  -991.7446   27.6669
59249  -992.3064   27.6668
59259  -992.8681   27.6668
59269  -993.4299   27.6667
59279  -993.9917   27.6666
59289  -994.5535   27.6665
59299  -995.1154   27.6663
59309  -995.6772   27.6662
59319  -996.2390   27.6660
59329  -996.8009   27.6659
59339  -997.3626   27.6658
59349  -997.9244   27.6657
59359  -998.4861   27.6657
59369  -999.0478   27.6657
59379  -999.6094   27.6658
59389 -1000.1710   27.6658
59399 -1000.7326   27.6659
59409 -1001.2942   27.6660
59419 -1001.8559   27.6660
59429 -1002.4174   27.6661
59439 -1002.9790   27.6663
59449 -1003.5406   27.6664
59459 -1004.1021   27.6666
59469 -1004.6636   27.6667
59479 -1005.2251   27.6669
59489 -1005.7866   27.6671
59499 -1006.3482   27.6672
59509 -1006.9097   27.6674
59519 -1007.4712   27.6676
59529 -1008.0327   27.6678
59539 -1008.5942   27.6679
59549 -1009.1559   27.6680
59559 -1009.7175   27.6680
59569 -1010.2794   27.6678
59579 -1010.8413   27.6675
